6204204362
6204204362
6895537608
6656397130
7782382498
1087968824
6926655784
7062204203
8067005345
8066392013
7506256342
7178900943
1887444140
6385091907
6464105915
7669492837
5365031415
7516673594
8000720207
6246322282
6440407988
6540584390
6366451699
7503539420
6736016820
6401415946
6207158232
6856528834
6721672545
5942629091
7598735135
6204204362
6842293890
6655396449
7633607324
6122384409
5878554670
8050182432
7350770298
6351290729
6284444968
5970359497
7411435321
6611733744
6511303237
6368438422
7495617682
7500379381
6986853274
7651145966
777000
7955806553
6683331082
5516962375
6328466701
6411948612
6743757235
8387467136
1194930325
7010044612
7365226145
7500832922
6932123497
6080649462
7816681280
6537514242
7131334504
7823615669
5834580673
5951192817
6849270725
7037356846
7964783934
7793932652
6396957737
5089775234
8063316355
6047323109
1557093870
5262864636
7572204441
5121334806
8129565679
7148354527
7170018187
7226848054
7650693480
5547057576
8294805246
6237327806
6527963589
5524768545
7506513856
6821078936
8191898474
6352193542
7253774309
6434358721
5533659539
5734982018
8092215783
8122032867
6247385530
7758671598
1417433485
6299586746
6808449294
5097847776
7353990207
6667138620
136817688
8152644481
1488279258
7853576129
7085743233
7196875637
7840904488
1888318695
5693472473
5800686222
8057278455
6004636260
6257159041
6121006008
5524814911
6198771376
5735864281
5069879813
6283379660
5742907532
6905343197
8446289610
7581877895
